time,x,y,z,phi,theta,psi,x_velocity,y_velocity,z_velocity,phi_velocity,theta_velocity,psi_velocity,rotor_speed1,rotor_speed2,rotor_speed3,rotor_speed4
0.06,4.5059049189e-08,8.8408924777e-08,10.00207472,6.28274542627,6.28311485369,0.0,4.82736332371e-06,-1.16529489081e-05,0.0691550257247,-0.0290047298948,-0.00363284518158,0.0,427.5140705841177,427.20450146121567,427.8797784053418,425.40385814909774
0.12000000000000001,2.58964528458e-06,-1.81492119069e-05,10.0119023982,6.28122343521,6.2823883638,0.0,0.000121562201759,-0.000783236922063,0.258409566918,-0.0189358437333,-0.0402016983487,0.0,466.42702591657496,463.56281374776006,463.34900544636565,464.1396663545086
0.18,3.59229824527e-05,-0.000110341943964,10.0306889109,6.28035840765,6.27997786178,0.0,0.00123883691827,-0.00239194603296,0.367777360815,-0.00663993567619,-0.0401217717852,0.0,439.8557582903787,439.8615265475714,439.5317055366853,440.54948522571704
0.23999999999999996,0.000186665821427,-0.000314517004191,10.0559959926,6.27990485695,6.27746504437,0.0,0.0040393727112,-0.0044576606181,0.475751496606,-0.00946417871168,-0.0456510597044,0.0,439.33796599603386,438.878374418015,440.17982396819065,439.9461941020264
0.3,0.000557933903514,-0.000652098529075,10.0875677767,6.27913773898,6.27453057398,0.0,0.00862468988651,-0.00686204421967,0.576593097721,-0.0204293011694,-0.056377766576,0.0,438.43105948257715,437.537510771494,437.3260066242526,436.41196414101756
0.36000000000000004,0.00126243817103,-0.00114965080875,10.1246575016,6.27739679733,6.27116982678,0.0,0.0151938510157,-0.00985880597335,0.659682343522,-0.0578570591188,-0.0552919479301,0.0,431.41790695624763,431.50733019561306,433.85892448817594,430.7049241471124
0.4200000000000001,0.00245386973587,-0.00188401614264,10.1687745695,6.27370341205,6.26826916727,0.0,0.0248569891114,-0.0150105252309,0.810783882504,-0.0702263581908,-0.0371853335583,0.0,451.7492416628439,453.20522272787014,454.65437003078017,453.65971617156026
0.48000000000000015,0.00427397607213,-0.00300516427604,10.2212636748,6.26962267624,6.26670702663,0.0,0.0360064480908,-0.0227998985524,0.938748147853,-0.0639178811007,-0.00992977762345,0.0,445.7286089444444,447.9499493001089,445.72520476985676,446.2369180046132
0.5400000000000001,0.00679269718437,-0.00468208256332,10.2815829905,6.26592971813,6.26676042737,0.0,0.0479716162885,-0.0334976707834,1.07177338959,-0.0571912553186,0.0166452554979,0.0,446.5593302579958,448.7216176945771,448.51689969156,449.06011903750834
0.6000000000000002,0.0100036117945,-0.0070584926235,10.3487124938,6.26236724155,6.2673505172,0.0,0.0589711472074,-0.0460676060081,1.16577965582,-0.0641418745864,-0.00946956823695,0.0,437.30269072872676,435.1221115688639,436.5327529879445,435.949864127476
0.6600000000000003,0.0138472940996,-0.0102348927771,10.4201549811,6.25867208647,6.26662052048,0.0,0.0692114071385,-0.0601676135198,1.21557521732,-0.0569118407028,-0.0181950213784,0.0,422.53047273570434,421.77775801961724,421.8043315238205,422.42522700064217
0.7200000000000003,0.0183636581255,-0.0143904616603,10.4971161679,6.25510486758,6.26519139187,0.0,0.0814626478754,-0.0787207283642,1.3496359095,-0.065092572623,-0.0385006120397,0.0,450.6511266365834,449.0068469768719,448.82520185951313,448.1583526227053
0.7800000000000004,0.0235923412586,-0.0196473236068,10.5789529227,6.25111091114,6.26312442356,0.0,0.0930251818076,-0.0968680330134,1.37820611148,-0.0696870365299,-0.0273794988858,0.0,414.5569481675765,415.53229373266703,416.36106826239654,415.955305779155
0.8400000000000004,0.0296510211201,-0.0262262724979,10.6674068128,6.24840632986,6.26133082978,0.0,0.109123605496,-0.12279466101,1.56999472482,-0.0180702400557,-0.0354644865118,0.0,466.64808162870537,466.0163504393238,465.95878156498645,469.9744203521966
0.9000000000000005,0.0367737447439,-0.0344996284771,10.7698416436,6.24775194044,6.25980664641,0.0,0.128517998773,-0.153077518634,1.84408705367,0.000536000449676,-0.0104831361096,0.0,489.53164538566045,491.3867203381679,492.0223059631789,493.3978817718068
0.9600000000000005,0.0450628820974,-0.0445571278077,10.8874464491,6.2477784375,6.25864352157,0.0,0.147869459309,-0.182155639638,2.07567685583,0.000252163033442,-0.0505947611708,0.0,482.6706648895627,479.6339967880381,479.36007240158995,479.33849441293665
1.0200000000000005,0.0544322165186,-0.056187209235,11.0141298405,6.24860252524,6.25530839495,0.0,0.164747025533,-0.205460408359,2.14696233545,0.0321963371385,-0.0681220344217,0.0,433.323924097562,431.84577516641144,430.3777199915581,433.07284724999033
1.0800000000000005,0.0649661333769,-0.0692919614242,11.1479734679,6.25078759603,6.25162859682,0.0,0.186805784744,-0.231122803493,2.31416004662,0.0437472595604,-0.0503757082672,0.0,461.44322811733895,462.8393064678768,462.08285849522093,462.9930335915061
1.1400000000000006,0.0767990041846,-0.0837820395315,11.2886382883,6.25337632109,6.24929541818,0.0,0.207869865944,-0.251626543809,2.37454066573,0.0419140890381,-0.022423638155,0.0,428.11714950801445,430.4878250489494,430.10485315089915,429.9506735050335
1.2000000000000006,0.0900510704113,-0.0995513541631,11.4362953675,6.25543274834,6.24771998314,0.0,0.23401518512,-0.273741431478,2.54699242954,0.0110680045139,-0.0353062694044,0.0,464.8572395613321,463.8465401458717,466.58880103148164,464.17485578074616
1.2600000000000007,0.10480120311,-0.116524964042,11.5912611464,6.25595989397,6.24612055213,0.0,0.257826883802,-0.291983675608,2.61836401781,0.00377838121274,-0.0133709717231,0.0,433.30840632895575,435.14823438248044,434.703209861063,434.0918274571136
1.3200000000000007,0.121039787042,-0.13460788244,11.7513788048,6.25643558268,6.24504075049,0.0,0.283542964455,-0.310738339697,2.7186512813,0.0151502100329,-0.0293842141247,0.0,444.67391424259074,443.3602514788442,443.2413197057568,444.1747887564211
1.3800000000000008,0.13889442753,-0.153836796779,11.9187425416,6.25744282987,6.24312337211,0.0,0.311795340926,-0.330114097086,2.85978745884,0.0198756840489,-0.0376717972211,0.0,457.15457038639187,456.4933762724052,457.04182765434587,457.4182032589679
1.4400000000000008,0.158360285792,-0.174124652232,12.0914220538,6.25899979806,6.24070655834,0.0,0.337277343136,-0.34601786045,2.89609515749,0.0359440048138,-0.0460854928568,0.0,424.6414791102645,423.91816841025746,424.23036764534646,425.6080220175521
1.5000000000000009,0.179499411411,-0.195389051574,12.2685511676,6.26080480542,6.23809078634,0.0,0.367624763641,-0.362581052268,3.00790848505,0.0145507621617,-0.0390334377245,0.0,448.1051595989544,448.6770030769345,450.37760715818314,448.64423144282534
1.560000000000001,0.202823430345,-0.217766552507,12.459217962,6.2614472826,6.23601311535,0.0,0.410099648097,-0.383210439499,3.34670148629,0.0016312871309,-0.0270208614902,0.0,514.7359184941462,515.5849623000951,515.8996065770441,514.9864577844979
1.620000000000001,0.2284131863,-0.241214023,12.6631191867,6.2615914631,6.23428759684,0.0,0.44304620588,-0.398354176128,3.44968507388,0.0039035352802,-0.0324821549576,0.0,448.19890275351895,447.7545759105042,449.66796026085785,449.85194996828903
1.680000000000001,0.256120571526,-0.265612206894,12.8753111448,6.26208470082,6.23220435,0.0,0.480731031482,-0.414866237824,3.62282731616,0.0156961478155,-0.0396218038629,0.0,471.7088583387283,471.1567290881784,469.8340256829176,470.74735197102905
1.740000000000001,0.285860807477,-0.290874824448,13.0925046767,6.26268483358,6.22968084857,0.0,0.510819352193,-0.427153527722,3.61695916768,-0.00493170518178,-0.0474392328938,0.0,415.3626502629142,414.67534659967725,417.019093811871,415.2131327353738
1.8000000000000012,0.317558142345,-0.316908888642,13.3113181762,6.26259724711,6.22688382021,0.0,0.546015768426,-0.440663503059,3.67660807478,0.00470989123588,-0.045022159663,0.0,436.78211702126225,436.982326805416,436.8505407888184,437.65384282758697
1.8600000000000012,0.351372439799,-0.343735486016,13.5328598238,6.26352955545,6.22410277287,0.0,0.581369608331,-0.453494821248,3.70798899369,0.0313021850691,-0.0491490887083,0.0,428.160950826236,427.80830878249276,427.67579433991835,429.93489261181674
1.9200000000000013,0.387374651955,-0.371315330127,13.7565358503,6.26520788081,6.22151251081,0.0,0.618948043167,-0.465666727444,3.74772717059,0.0203052661556,-0.0333089958368,0.0,430.77166661920654,432.107977332259,431.79596938598496,430.86742388784984
1.9800000000000013,0.425734193641,-0.399613077538,13.9835311675,6.26656374898,6.22007999823,0.0,0.659846409176,-0.47746348105,3.81853085844,0.0268278721459,-0.00966743967933,0.0,440.5368811091344,442.4873774709938,441.5549874725081,442.09282143031396
2.0400000000000014,0.466821917756,-0.428654360989,14.2187470427,6.26907533737,6.21953778049,0.0,0.709759569932,-0.490317616564,4.02129450409,0.0617531842432,-0.00780489432207,0.0,481.8445727252722,481.9854935574006,481.1051061361881,483.7430549994915
2.1000000000000014,0.51088148038,-0.458393157476,14.4655953887,6.27256909359,6.2191431746,0.0,0.758892282503,-0.500557110489,4.2063135661,0.0500417103953,-0.00422708413046,0.0,477.51499868631134,477.7879770596205,479.57917999101227,478.6908056392619
2.1600000000000015,0.557696226325,-0.488637547567,14.7204352463,6.27558660795,6.21900685931,0.0,0.801591094476,-0.507290833487,4.28803995287,0.0507874866631,0.00137696571773,0.0,448.14023783895277,448.595615557855,448.69848175874193,448.76059660747103
2.2200000000000015,0.607074343649,-0.519225868812,14.9802015865,6.27873854851,6.21867373902,0.0,0.84432420329,-0.512012861251,4.37052145859,0.0558105447617,-0.0253737609948,0.0,451.0235260157735,448.85766609169224,448.71324813100415,449.12263670552454
2.2800000000000016,0.658962901885,-0.550029311661,15.2439173378,6.28258098495,6.21690840198,0.0,0.885428438072,-0.514428348419,4.41979784573,0.0768169489696,-0.039084209458,0.0,439.9521909306504,438.8151069274791,439.03782228082247,440.78038240796434
2.3400000000000016,0.713579183519,-0.580899960321,15.5139747587,0.0042342556215,6.21461992822,0.0,0.935321490665,-0.514072321147,4.5814525221,0.0873636983271,-0.0363194161063,0.0,474.8361142250097,475.04758404435574,473.73637716130054,474.5514787809475
2.4000000000000017,0.770971145616,-0.611658829002,15.7898627434,0.00904256564725,6.21281671739,0.0,0.977907708778,-0.510759608221,4.61465898148,0.0589911414492,-0.0197982802058,0.0,435.7346698727467,437.1134380403241,437.49808160600855,435.1340687020703
2.4600000000000017,0.831118458796,-0.642110454838,16.0701665931,0.013807637335,6.21187461127,0.0,1.02706932161,-0.503853635554,4.72831758981,0.103641079788,-0.00856133558147,0.0,461.84746533962357,462.73308579258,459.58343774854023,463.11344739468143
2.520000000000002,0.894293026232,-0.672026433555,16.3581565752,0.0202468997906,6.21141802695,0.0,1.07874799644,-0.492674028399,4.87073342135,0.113812932764,-0.00577135577276,0.0,471.10193018636784,471.31775067408637,471.2862542598139,472.08121989501876
2.580000000000002,0.960277622826,-0.70121790889,16.6505506281,0.0273008274718,6.21069855187,0.0,1.120768477,-0.479769642053,4.87570037342,0.124170020937,-0.0288811159543,0.0,430.48370038683345,428.5235087315736,429.8978371655069,430.7874834181733
2.640000000000002,1.02864066423,-0.729570663074,16.9410750604,0.0342855635853,6.20903135938,0.0,1.15814133009,-0.464754457207,4.80870875315,0.0926224916116,-0.0256829673782,0.0,405.06656776736355,405.353836211808,407.8734147094411,405.05862632137183
2.700000000000002,1.09924723947,-0.756929464165,17.2272882256,0.0402208583581,6.20823935567,0.0,1.19550562348,-0.446758461143,4.73202929289,0.109216395045,0.00428214528444,0.0,400.69220779055416,403.40755579971284,400.93451236952524,402.44896193139414
2.760000000000002,1.17279644919,-0.782730541739,17.5181607577,0.0473087965283,6.2085602909,0.0,1.2560105513,-0.412488470135,4.96270917939,0.13172721267,0.00740149837825,0.0,497.675036490489,497.9032277113056,495.9554012694095,497.6168316292122
2.820000000000002,1.24959176444,-0.806538633038,17.8178945862,0.0554256638484,6.20946676208,0.0,1.30372669615,-0.380354614325,5.02810337055,0.141573712948,0.0272403360621,0.0,448.7882080096119,450.39572659327473,450.5769812162996,451.3889516721296
2.880000000000002,1.32923613033,-0.828249142352,18.1217009538,0.0636059592856,6.21126928493,0.0,1.35087519019,-0.342531772293,5.09843724016,0.123009057263,0.0351263317949,0.0,452.88990670844646,453.52410178011627,452.49249385671766,451.01195734009366
2.940000000000002,1.41180942281,-0.847404552663,18.431690889,0.0706463587372,6.21349616782,0.0,1.40127014199,-0.295243717145,5.23391790999,0.102514414671,0.0408204138076,0.0,472.63401747494913,473.0732731213933,473.89203827813515,472.3250655222836
3.000000000000002,1.49715516314,-0.863776572684,18.7469667833,0.0778443480556,6.21579306033,0.0,1.44333064366,-0.249866235591,5.27506363186,0.141911560347,0.0326486528793,0.0,445.41137298084766,444.7431614152803,444.0598507327068,447.2924776100433
3.0600000000000023,1.58502662814,-0.877225367737,19.0654239013,0.0864094460189,6.21789912768,0.0,1.48547899912,-0.197622805083,5.33982557891,0.144379100734,0.0396021364779,0.0,453.26809876633064,453.8271546186076,452.85100194837406,453.0680441985764
3.1200000000000023,1.67541130314,-0.887326881157,19.3882420562,0.0944785812046,6.22039620827,0.0,1.52705345897,-0.138272122931,5.42034519166,0.0909172038598,0.0453713390062,0.0,457.8334029519697,458.2931260302271,461.74332419246616,457.519934883129
3.1800000000000024,1.76824208596,-0.893704959114,19.7160076233,0.0994699092675,6.22313978096,0.0,1.56698272254,-0.0738326590326,5.50472942169,0.059541196531,0.0464264610727,0.0,461.7790683695586,461.8634406909037,461.2399511218412,458.759978498714
3.2400000000000024,1.86319320819,-0.896480926019,20.045249353,0.102774920363,6.22606757505,0.0,1.59780370893,-0.0183888400707,5.47013744805,0.0442146634067,0.0531576693579,0.0,423.7785868375964,424.3584833164753,424.3796164793251,423.0639125887925
3.3000000000000025,1.96014554311,-0.895498221647,20.3760541148,0.105690046125,6.22879053644,0.0,1.6335861096,0.0513921708272,5.5562445355,0.0561393354814,0.0214723982375,0.0,463.3517085499312,460.85460338674716,461.51950684591515,462.46122141007726
3.3600000000000025,2.05909122831,-0.890461360995,20.7101761595,0.109534238722,6.23032161765,0.0,1.66444577153,0.116828073157,5.58098451403,0.0764775909974,0.0325801229157,0.0,444.1073911024887,445.0178202047575,442.3448155555925,444.0197075620164
3.4200000000000026,2.15999339566,-0.881127342116,21.048436114,0.114095932933,6.23305216408,0.0,1.69865310953,0.194725878266,5.69373034367,0.0751145735287,0.0634301879576,0.0,470.25556175878614,472.640571082574,471.3939646225814,471.2928035902577
3.4800000000000026,2.26293558177,-0.866890123164,21.3945898598,0.119009546356,6.23677079031,0.0,1.73227275572,0.280286005656,5.84391402945,0.0928291300808,0.0589013815618,0.0,484.5665664673014,484.2283523622352,482.3083681738283,483.64938416400133
3.5400000000000027,2.36751596619,-0.84816697051,21.7434251373,0.124415515303,6.24018720895,0.0,1.75345285686,0.344293142539,5.7841840725,0.0839938519819,0.0526993433543,0.0,419.24842050966316,418.7115138618189,420.7645392524738,420.00605002252667
3.6000000000000028,2.47345008377,-0.825098481379,22.0919938246,0.129614712478,6.2438787597,0.0,1.77731632176,0.425114589087,5.83444860184,0.0914993409717,0.0750203913851,0.0,453.2859047515674,455.07896781470345,454.99909703150263,455.6056764019665
3.660000000000003,2.58064638337,-0.797377100091,22.4412840039,0.135921304032,6.24828679639,0.0,1.79549509145,0.499453676344,5.80862660819,0.123682191433,0.0701665363196,0.0,431.16852927480903,430.76255089916083,429.88780825089265,432.6162855633741
3.720000000000003,2.68896312246,-0.764642062744,22.7922013677,0.143109731668,6.25284308601,0.0,1.81458115691,0.592385350675,5.88810519375,0.110650103228,0.0855129397349,0.0,464.0794392409447,465.2868699318961,464.46550190174054,463.4543027237567
3.780000000000003,2.79818995252,-0.726844192448,23.1433594047,0.14945326736,6.25761863535,0.0,1.82590775543,0.668100845932,5.81745014728,0.0934092145206,0.0638494764751,0.0,417.4715717534377,415.5819677525435,418.41448222030294,416.92088692743835
3.840000000000003,2.90806157995,-0.684153107331,23.4919377146,0.1551366111,6.26182905659,0.0,1.83611052586,0.755427316091,5.80181043643,0.0972254813415,0.0805046505441,0.0,434.2464847132181,435.6454391850388,434.5138668773091,434.84157503776163
3.900000000000003,3.01847478728,-0.636042052561,23.8400784574,0.161008258889,6.26696562548,0.0,1.84386117406,0.848784551069,5.80277349425,0.0991011359603,0.0942407258188,0.0,439.63210944365426,440.7750323562088,440.19617835957126,440.35969779728106
3.960000000000003,3.12924374194,-0.582325959578,24.187642575,0.166691942801,6.27261538855,0.0,1.84792919347,0.942258084121,5.78269591633,0.0841187850675,0.0940063605142,0.0,434.15105371850547,434.13913038023475,433.74503536148916,432.4924821754654
4.020000000000002,3.24018076385,-0.522436529613,24.5367661491,0.171935063575,6.27826716172,0.0,1.84938289437,1.05449189625,5.85426827352,0.0932235370879,0.0945729817859,0.0,463.4347013121582,463.48636609909437,461.63989306328597,462.36387032934493
4.080000000000001,3.35108428046,-0.455801908684,24.8896257259,0.177221707715,0.000647786747376,0.0,1.84683427135,1.16712392734,5.90730607509,0.0751803533938,0.0888836792519,0.0,458.81774465390487,458.37270661133505,458.168456545707,456.7374917897654
4.14,3.46172205426,-0.38223003204,25.2461013845,0.182267941484,0.00560700788082,0.0,1.84056058259,1.28566180047,5.97471821391,0.0977110876198,0.0657396379919,0.0,463.98873415982195,462.172903484264,462.67237581929925,464.4484806965724
4.199999999999998,3.5718997276,-0.301836678698,25.6044775103,0.188686809525,0.00931431398098,0.0,1.83167906467,1.39463591528,5.97099397722,0.120991579233,0.0524092100477,0.0,442.7710774713941,441.67550737281016,440.780734206859,442.71072212979124
4.259999999999997,3.68149582643,-0.21510926655,25.9609414517,0.195347821781,0.0122978669574,0.0,1.82127063878,1.49687946786,5.91124992325,0.0645696989999,0.0437341046183,0.0,424.8976211608278,424.1547360316116,425.6620899228856,420.81481015400146
4.319999999999996,3.79028015176,-0.120073183365,26.3242816439,0.19905149927,0.0162903839182,0.0,1.80442510555,1.67114007378,6.19833834493,0.0553368079653,0.092404069827,0.0,527.7859903300565,531.1370416143563,526.6693281439136,526.0323220145389
4.379999999999995,3.89809357574,-0.0163318864074,26.6957229695,0.201912118761,0.0215320255012,0.0,1.78887096444,1.78715384273,6.18297930033,0.0243751583352,0.0746574076202,0.0,443.4363974252554,441.98206849699255,442.60620284969235,440.0513281620697
4.439999999999993,4.00490513736,0.0942049953331,27.0652355008,0.203693442808,0.0263080882469,0.0,1.77112212309,1.89755165957,6.13425207059,0.0386227008191,0.0879994564616,0.0,430.48066658655046,431.61367974245655,430.6918353320459,431.89575700107343
4.499999999999992,4.11036772942,0.212886051922,27.4390334428,0.206485893472,0.031390907547,0.0,1.74370938699,2.05851079281,6.32443965321,0.0589348603894,0.077169300395,0.0,504.3075724771725,503.52946671251846,503.69725210951674,505.1652897913758
4.559999999999991,4.21424701903,0.340129295938,27.8187099398,0.21000188216,0.0356994324595,0.0,1.71852853766,2.1831776935,6.33121592931,0.0579214430936,0.0580474127084,0.0,451.5714117525847,450.02969638000405,452.43307673181795,452.3537820642272
4.6199999999999894,4.31660691438,0.474521093738,28.1969654108,0.213732901115,0.0398239270752,0.0,1.69314877666,2.29683862958,6.27741348033,0.0695731533248,0.0843540846303,0.0,431.1894383295221,433.4102006380227,432.01328686768875,432.9977415786993
4.679999999999988,4.41729164692,0.616205836962,28.5739018352,0.217808958304,0.0444841520434,0.0,1.662568149,2.42627160536,6.2868590613,0.0644385966982,0.0589237247881,0.0,453.1098037688692,451.06475807448675,453.592668206908,453.18340444499194
4.739999999999987,4.5159874292,0.766073301676,28.9529761217,0.221856808221,0.0483105078835,0.0,1.62695555671,2.5695346562,6.34835012055,0.0729138839784,0.0720339551773,0.0,469.1998748687361,470.21950723658307,469.1205707628622,469.7814774667358
4.799999999999986,4.61280217923,0.92310623697,29.3290849155,0.226909731658,0.0530423851816,0.0,1.59986891264,2.66532810035,6.18930181971,0.100475992223,0.089868229103,0.0,397.23987586962267,398.8780378274584,395.8026781903548,398.33836460522264
4.859999999999984,4.70746890154,1.0878616957,29.7038903536,0.23309876703,0.0584238841455,0.0,1.55515971627,2.82691320481,6.30321705318,0.10802124808,0.0893363809587,0.0,485.49439442216743,485.4604524976777,485.08708897136125,485.6617087057359
4.919999999999983,4.79976662994,1.26075538899,30.0784624979,0.239118751172,0.064051990982,0.0,1.52100827051,2.93671958857,6.1829204352,0.0769037282204,0.101494691115,0.0,411.5435453946511,412.62673482520023,413.4065089658574,410.66379673085066
4.979999999999982,4.88957061197,1.44162410156,30.4511833743,0.24415712749,0.0697517311516,0.0,1.47190931519,3.09250790851,6.24045491199,0.0952872209852,0.0770163564706,0.0,470.4365383527559,468.5437903587842,469.07195094695527,470.5029347615225
5.0399999999999805,4.97644887444,1.6314901203,30.8255790756,0.249635367557,0.0742821084277,0.0,1.42364895879,3.23672728303,6.23905702838,0.0818362145443,0.0723028169202,0.0,453.2057917413608,452.831044150753,452.5215500595779,451.4439996969302
